0 306 311 314 316 646 326 348 349 359 362 369 370 371 372 373 374 375 376 377 379 380 381 382 383 384 385 386 389 390
1 359 370 371 372 373 374 375 376 377 379 380 381 382 383 646 384 386 395 397 398 423 425 432 433 438 439 440 441 442
2 406 405 404 403 402 398 397 396 395 394 393 392 391 407 390 388 387 386 385 384 383 382 381 380 379 377 376 375 389
3 295 294 293 290 287 286 284 281 274 273 265 258 257 254 252 249 247 296 297 298 299 374 373 372 371 370 359 354 336
4 371 370 365 359 357 355 346 345 372 343 340 339 338 337 324 646 317 316 342 315 373 375 407 406 405 402 398 397 395
5 280 263 261 260 259 256 255 254 253 252 226 222 220 219 218 281 282 284 286 330 328 324 646 322 319 318 217 317 308
6 349 348 347 336 335 334 333 328 326 351 324 322 319 318 317 316 311 305 303 302 646 352 358 359 397 395 386 385 384
7 646 322 320 319 318 252 359 246 242 241 240 238 233 225 244 223 370 372 395 386 385 384 383 382 371 381 379 377 376
8 403 402 398 397 395 387 386 385 384 383 382 381 380 379 377 376 375 374 373 404 405 406 407 452 450 446 445 444 442
9 348 347 346 345 344 343 342 340 339 338 337 336 334 333 330 327 325 324 646 322 319 316 315 349 312 350 352 385 384
10 398 401 402 403 404 405 397 406 408 409 410 411 413 415 407 416 396 394 380 381 382 383 384 385 395 386 388 389 390
11 349 334 333 331 330 328 327 326 325 324 351 646 319 318 317 316 314 313 312 311 308 305 322 352 354 358 399 398 397
12 424 425 426 427 428 429 430 423 431 433 434 435 436 437 438 439 432 440 422 420 404 405 406 407 408 409 410 421 411
13 416 417 418 419 420 421 422 423 424 425 426 427 428 429 430 415 414 413 411 394 395 396 397 398 400 401 431 402 404
14 420 421 422 423 424 425 426 427 428 429 430 431 432 433 434 419 418 417 416 400 401 402 403 404 405 406 435 407 409
15 427 428 429 430 431 432 433 426 434 436 437 438 439 440 441 442 435 443 425 423 407 408 409 410 411 412 413 424 414
16 407 408 409 410 411 412 406 413 415 416 417 418 419 420 414 405 404 403 387 388 389 390 391 392 393 394 395 396 397
17 273 272 271 270 268 266 265 274 264 261 260 259 257 256 255 254 263 252 275 278 333 330 327 324 646 322 319 277 316
18 415 413 411 409 408 407 406 405 404 403 402 401 398 416 397 387 386 385 384 383 382 381 380 379 377 376 375 374 395
19 424 425 426 427 428 429 430 423 431 433 434 435 436 437 438 439 432 440 422 420 404 405 406 407 408 409 410 421 411
20 398 397 396 395 394 393 392 391 390 389 388 387 386 385 384 383 382 367 368 369 370 371 372 401 373 375 376 377 379
21 427 428 429 430 431 432 433 426 434 436 437 438 439 440 441 442 435 443 425 423 407 408 409 410 411 412 413 424 414
22 372 371 370 365 359 342 335 324 646 302 289 287 284 266 264 263 260 373 259 374 376 421 419 418 417 415 398 397 395
23 427 428 429 430 431 432 433 426 434 436 437 438 439 440 441 442 435 443 425 423 407 408 409 410 411 412 413 424 414
24 406 407 408 409 410 411 405 413 415 416 417 418 419 420 414 421 404 402 385 386 387 388 389 390 403 391 393 394 395
25 411 410 409 407 406 405 404 403 402 401 398 397 396 395 394 393 392 377 379 380 381 382 383 413 384 386 387 388 389
26 424 425 426 427 428 429 430 423 431 433 434 435 436 437 438 439 432 440 422 420 404 405 406 407 408 409 410 421 411
27 424 425 426 427 428 429 430 423 431 433 434 435 436 437 438 439 432 440 422 420 404 405 406 407 408 409 410 421 411
28 415 416 417 418 419 420 421 422 423 424 425 426 427 428 429 414 430 413 411 394 395 396 397 398 401 402 403 404 405
29 423 424 425 426 427 428 429 430 431 432 433 434 435 436 437 422 421 420 419 403 404 405 406 407 408 409 439 410 412
30 424 425 426 427 428 429 430 423 431 433 434 435 436 437 438 439 432 440 422 420 404 405 406 407 408 409 410 421 411
31 424 425 426 427 428 429 430 423 431 433 434 435 436 437 438 439 432 440 422 420 404 405 406 407 408 409 410 421 411
32 366 361 359 358 356 354 353 352 351 349 348 344 342 341 335 334 333 330 328 327 326 325 324 646 322 370 319 371 373
33 424 425 426 427 428 429 430 423 431 433 434 435 436 437 438 439 432 440 422 420 404 405 406 407 408 409 410 421 411
34 424 425 426 427 428 429 430 423 431 433 434 435 436 437 438 439 432 440 422 420 404 405 406 407 408 409 410 421 411
35 417 418 419 420 421 422 423 424 425 426 427 428 429 430 431 416 415 414 413 395 396 397 398 401 402 403 432 404 406
36 424 425 426 427 428 429 430 423 431 433 434 435 436 437 438 439 432 440 422 420 404 405 406 407 408 409 410 421 411
37 408 409 410 411 413 414 407 415 417 418 419 420 421 422 416 406 405 404 387 388 389 390 391 392 393 394 395 396 397
38 424 425 426 427 428 429 430 423 431 433 434 435 436 437 438 439 432 440 422 420 404 405 406 407 408 409 410 421 411
39 424 425 426 427 428 429 430 423 431 433 434 435 436 437 438 439 432 440 422 420 404 405 406 407 408 409 410 421 411
40 424 425 426 427 428 429 430 423 431 433 434 435 436 437 438 439 432 440 422 420 404 405 406 407 408 409 410 421 411
41 409 410 411 412 413 414 415 416 417 418 419 420 421 422 423 408 424 407 405 389 390 391 392 393 394 395 396 397 398
42 424 425 426 427 428 429 430 423 431 433 434 435 436 437 438 439 432 440 422 420 404 405 406 407 408 409 410 421 411
43 373 372 371 370 367 362 359 357 355 354 353 352 349 346 345 343 342 340 339 338 337 374 375 376 377 411 410 407 406
44 414 415 416 417 418 419 420 421 422 423 424 425 426 427 428 413 429 412 410 394 395 396 397 398 400 401 402 403 404
45 422 423 424 425 426 427 428 429 430 431 432 433 434 435 436 421 420 419 418 402 403 404 405 406 407 408 437 409 411
46 372 371 370 366 365 362 359 357 355 373 354 346 345 343 342 340 339 338 337 336 352 326 374 376 410 407 406 405 402
47 423 425 426 427 428 429 422 430 432 433 435 436 437 439 431 421 420 419 398 400 402 403 404 405 406 407 408 409 410
48 384 383 382 381 380 379 377 376 375 374 373 372 371 370 368 365 362 361 359 385 357 386 395 441 440 439 433 432 425
49 359 356 354 353 352 349 336 330 328 327 325 324 646 322 319 316 314 313 312 305 301 362 366 370 371 413 409 401 400
50 415 416 417 418 419 420 421 422 423 424 425 426 427 428 429 414 430 413 410 394 395 396 397 398 400 401 402 403 404
51 397 396 395 394 393 392 391 388 387 386 385 384 383 382 381 380 379 377 376 375 374 373 372 371 370 398 400 401 402
52 424 425 426 427 428 429 430 423 431 433 434 435 436 437 438 439 432 440 422 420 404 405 406 407 408 409 410 421 411
53 412 413 415 416 417 418 419 420 421 422 423 424 425 426 427 411 428 410 408 391 392 393 394 395 396 397 398 401 402
54 421 422 423 424 425 426 427 428 429 430 431 432 433 434 435 420 419 418 417 401 402 403 404 405 406 407 436 408 410
55 407 406 405 403 402 401 398 397 396 395 394 393 392 391 390 389 388 387 386 385 384 383 382 381 380 409 379 410 413
56 420 421 422 423 424 425 426 427 428 429 430 431 432 433 434 419 418 417 416 400 401 402 403 404 405 406 435 407 409
57 410 411 412 413 414 415 416 417 418 419 420 421 422 423 424 409 425 408 406 389 390 391 392 393 394 395 396 397 398
58 401 402 403 404 405 406 398 407 409 410 411 413 415 416 408 417 397 395 381 382 383 384 385 386 396 387 389 390 391
59 406 405 404 403 402 401 398 397 396 395 394 393 392 391 390 389 388 373 374 375 376 377 379 407 380 382 383 384 385
60 396 395 394 393 392 391 390 389 388 387 386 385 384 397 383 381 380 379 377 376 375 374 373 372 371 370 369 367 382
61 424 425 426 427 428 429 430 423 431 433 434 435 436 437 438 439 432 440 422 420 404 405 406 407 408 409 410 421 411
62 406 405 404 403 402 401 398 397 396 395 394 393 392 407 391 389 388 387 386 385 384 383 382 381 380 379 377 376 390
63 399 398 397 396 395 394 393 392 391 390 389 388 387 386 402 385 383 382 381 380 379 377 376 375 374 373 372 371 370
64 396 397 398 401 402 403 395 404 406 407 408 409 410 411 405 412 394 392 377 379 380 381 382 383 393 384 386 387 388
65 402 398 397 396 395 394 393 392 391 390 389 388 387 386 385 384 383 382 381 380 379 377 376 375 374 373 372 371 370
66 404 403 402 398 397 396 395 394 393 392 391 390 389 405 388 386 385 384 383 382 381 380 379 377 376 375 374 373 387
67 424 425 426 427 428 429 430 423 431 433 434 435 436 437 438 439 432 440 422 420 404 405 406 407 408 409 410 421 411
68 365 359 357 355 346 345 343 370 342 339 338 337 646 322 319 315 340 310 371 373 398 397 395 387 386 385 384 372 383
69 409 410 411 413 414 415 408 416 418 419 420 421 422 423 417 407 406 405 388 389 390 391 392 393 394 395 396 397 398
70 403 402 398 397 395 387 386 385 384 383 382 404 381 379 377 376 375 374 373 372 371 370 367 365 380 405 406 407 447
71 408 407 406 405 404 403 402 398 397 395 387 386 385 384 383 382 381 380 379 377 376 375 374 373 372 409 411 413 415
72 427 428 429 430 431 432 433 426 434 436 437 438 439 440 441 442 435 443 425 423 407 408 409 410 411 412 413 424 414
73 411 410 409 408 407 406 405 404 403 402 401 400 398 397 396 395 394 380 381 382 383 384 385 413 386 388 389 390 391
74 386 385 384 383 382 381 380 395 379 376 375 374 373 372 371 370 377 397 398 401 444 442 441 440 439 434 433 432 423
75 352 351 348 344 336 334 333 325 324 646 319 316 311 305 289 354 358 359 370 388 386 385 384 383 382 381 287 380 377
76 423 424 425 426 427 428 429 430 431 432 433 434 435 436 437 422 421 420 419 403 404 405 406 407 408 409 438 410 412
77 411 410 407 406 405 403 402 401 398 397 396 414 395 393 392 391 388 387 386 385 384 383 382 381 394 415 416 417 459
78 401 402 403 404 405 406 398 407 409 410 411 413 415 416 408 417 397 395 381 382 383 384 385 386 396 387 389 390 391
79 427 428 429 430 431 432 433 426 434 436 437 438 439 440 441 442 435 443 425 423 407 408 409 410 411 412 413 424 414
80 424 425 426 427 428 429 430 423 431 433 434 435 436 437 438 439 432 440 422 420 404 405 406 407 408 409 410 421 411
81 397 398 401 402 403 404 396 405 407 408 409 410 411 413 406 415 395 393 379 380 381 382 383 384 394 385 387 388 389
82 415 416 417 418 419 420 421 422 423 424 425 426 427 428 429 414 413 412 411 394 395 396 397 398 400 401 430 402 404
83 424 425 426 427 428 429 430 423 431 433 434 435 436 437 438 439 432 440 422 420 404 405 406 407 408 409 410 421 411
84 424 425 426 427 428 429 430 423 431 433 434 435 436 437 438 439 432 440 422 420 404 405 406 407 408 409 410 421 411
85 424 425 426 427 428 429 430 423 431 433 434 435 436 437 438 439 432 440 422 420 404 405 406 407 408 409 410 421 411
86 401 402 403 404 405 406 400 407 409 410 411 413 414 415 408 416 398 396 382 383 384 385 386 387 397 388 390 391 392
87 424 425 426 427 428 429 430 423 431 433 434 435 436 437 438 439 432 440 422 420 404 405 406 407 408 409 410 421 411
88 424 425 426 427 428 429 430 423 431 433 434 435 436 437 438 439 432 440 422 420 404 405 406 407 408 409 410 421 411
89 424 425 426 427 428 429 430 423 431 433 434 435 436 437 438 439 432 440 422 420 404 405 406 407 408 409 410 421 411
90 424 425 426 427 428 429 430 423 431 433 434 435 436 437 438 439 432 440 422 420 404 405 406 407 408 409 410 421 411
91 408 409 410 411 413 414 415 416 417 418 419 420 421 422 423 407 424 406 404 388 389 390 391 392 393 394 395 396 397
92 409 410 411 413 415 416 408 417 419 420 421 422 423 424 418 407 406 405 388 389 390 391 392 393 394 395 396 397 398
93 410 411 412 413 415 416 417 418 419 420 421 422 423 424 425 409 426 408 406 389 390 391 392 393 394 395 396 397 398
94 427 428 429 430 431 432 433 426 434 436 437 438 439 440 441 442 435 443 425 423 407 408 409 410 411 412 413 424 414
95 424 425 426 427 428 429 430 423 431 433 434 435 436 437 438 439 432 440 422 420 404 405 406 407 408 409 410 421 411
96 424 425 426 427 428 429 430 423 431 433 434 435 436 437 438 439 432 440 422 420 404 405 406 407 408 409 410 421 411
97 396 397 398 401 402 403 395 404 406 407 408 409 410 411 405 413 394 392 377 379 380 381 382 383 393 384 386 387 388
98 424 425 426 427 428 429 430 423 431 433 434 435 436 437 438 439 432 440 422 420 404 405 406 407 408 409 410 421 411
99 417 418 419 420 421 422 423 424 425 426 427 428 429 430 431 416 415 414 413 396 397 398 400 401 402 403 432 404 406
100 424 425 426 427 428 429 430 423 431 433 434 435 436 437 438 439 432 440 422 420 404 405 406 407 408 409 410 421 411
101 424 425 426 427 428 429 430 423 431 433 434 435 436 437 438 439 432 440 422 420 404 405 406 407 408 409 410 421 411
102 424 425 426 427 428 429 430 423 431 433 434 435 436 437 438 439 432 440 422 420 404 405 406 407 408 409 410 421 411
103 424 425 426 427 428 429 430 423 431 433 434 435 436 437 438 439 432 440 422 420 404 405 406 407 408 409 410 421 411
104 413 412 411 409 408 407 406 405 404 403 402 401 399 398 397 396 395 394 393 392 391 388 387 386 385 384 383 382 381
105 398 397 395 387 386 385 384 383 382 381 380 379 377 376 375 374 373 372 371 370 367 402 403 405 406 460 454 447 446
106 398 397 396 395 394 393 392 391 402 390 388 386 385 384 383 382 381 380 389 405 406 407 444 442 441 440 439 434 433
107 418 419 420 421 422 423 424 425 426 427 428 429 430 431 432 417 416 415 414 397 398 400 401 402 403 404 433 405 407
108 424 425 426 427 428 429 430 423 431 433 434 435 436 437 438 439 432 440 422 420 404 405 406 407 408 409 410 421 411
109 396 397 398 401 402 403 395 404 406 407 408 409 410 411 405 413 394 392 377 379 380 381 382 383 393 384 386 387 388
110 427 428 429 430 431 432 433 426 434 436 437 438 439 440 441 442 435 443 425 423 407 408 409 410 411 412 413 424 414
111 424 425 426 427 428 429 430 423 431 433 434 435 436 437 438 439 432 440 422 420 404 405 406 407 408 409 410 421 411
112 420 421 422 423 424 425 426 427 428 429 430 431 432 433 434 419 418 417 416 400 401 402 403 404 405 406 435 407 409
113 420 421 422 423 424 425 426 427 428 429 430 431 432 433 434 419 418 417 416 400 401 402 403 404 405 406 435 407 409
114 408 409 410 411 412 413 407 415 417 418 419 420 421 422 416 406 405 404 387 388 389 390 391 392 393 394 395 396 397
115 424 425 426 427 428 429 430 423 431 433 434 435 436 437 438 439 432 440 422 420 404 405 406 407 408 409 410 421 411
116 424 425 426 427 428 429 430 423 431 433 434 435 436 437 438 439 432 440 422 420 404 405 406 407 408 409 410 421 411
117 420 421 422 423 424 425 426 427 428 429 430 431 432 433 434 419 418 417 416 400 401 402 403 404 405 406 435 407 409
118 420 421 422 423 424 425 426 427 428 429 430 431 432 433 434 419 418 417 416 400 401 402 403 404 405 406 435 407 409
119 420 421 422 423 424 425 426 427 428 429 430 431 432 433 434 419 418 417 416 400 401 402 403 404 405 406 435 407 409
120 424 425 426 427 428 429 430 423 431 433 434 435 436 437 438 439 432 440 422 420 404 405 406 407 408 409 410 421 411
121 384 383 382 381 380 379 377 376 375 374 373 372 371 370 367 365 362 361 359 357 356 355 352 349 348 385 347 386 388
122 419 417 416 415 413 411 410 409 407 406 405 404 403 422 402 397 396 395 394 393 392 391 390 389 388 387 386 385 398
123 415 416 417 418 419 420 421 422 423 424 425 426 427 428 429 414 413 412 411 394 395 396 397 398 400 401 430 402 404
124 427 428 429 430 431 432 433 426 434 436 437 438 439 440 441 442 435 443 425 423 407 408 409 410 411 412 413 424 414
125 413 414 415 416 417 418 419 420 421 422 423 424 425 426 427 412 428 411 409 393 394 395 396 397 398 400 401 402 403
126 416 417 418 419 420 421 422 423 424 425 426 427 428 429 430 415 414 413 412 395 396 397 398 400 401 402 431 403 405
127 427 428 429 430 431 432 433 426 434 436 437 438 439 440 441 442 435 443 425 423 407 408 409 410 411 412 413 424 414
128 416 417 418 419 420 421 422 423 424 425 426 427 428 429 430 415 431 414 412 396 397 398 400 401 402 403 404 405 406
129 423 424 425 426 427 428 429 430 431 432 433 434 435 436 437 422 421 420 419 403 404 405 406 407 408 409 439 410 412
130 424 425 426 427 428 429 430 423 431 433 434 435 436 437 438 439 432 440 422 420 404 405 406 407 408 409 410 421 411
131 427 428 429 430 431 432 433 426 434 436 437 438 439 440 441 442 435 443 425 423 407 408 409 410 411 412 413 424 414
132 427 428 429 430 431 432 433 426 434 436 437 438 439 440 441 442 435 443 425 423 407 408 409 410 411 412 413 424 414
133 427 428 429 430 431 432 433 426 434 436 437 438 439 440 441 442 435 443 425 423 407 408 409 410 411 412 413 424 414
134 421 422 423 424 425 426 427 428 429 430 431 432 433 434 435 420 419 418 417 400 401 402 403 404 405 406 439 407 409
135 405 403 402 398 397 395 387 386 385 384 383 406 382 380 379 377 376 375 374 373 372 371 370 367 381 407 409 411 452
136 402 398 397 396 395 394 393 392 391 390 389 388 403 387 385 384 383 382 381 380 379 377 376 375 374 373 386 372 405
137 427 428 429 430 431 432 433 426 434 436 437 438 439 440 441 442 435 443 425 423 407 408 409 410 411 412 413 424 414
138 421 422 423 424 425 426 427 428 429 430 431 432 433 434 435 420 419 418 417 401 402 403 404 405 406 407 436 408 410
139 421 422 423 424 425 426 427 428 429 430 431 432 433 434 435 420 419 418 417 401 402 403 404 405 406 407 437 408 410
140 420 421 422 423 424 425 426 427 428 429 430 431 432 433 434 419 418 417 416 400 401 402 403 404 405 406 435 407 409
141 420 421 422 423 424 425 426 427 428 429 431 432 433 434 435 419 437 418 416 398 399 402 403 404 405 406 407 408 409
142 424 425 426 427 428 429 430 423 431 433 434 435 436 437 438 439 432 440 422 420 404 405 406 407 408 409 410 421 411
143 361 359 358 356 354 352 351 349 348 347 362 334 330 327 325 324 646 317 316 314 312 308 333 305 366 371 413 410 409
144 427 428 429 430 431 432 433 426 434 436 437 438 439 440 441 442 435 443 425 423 407 408 409 410 411 412 413 424 414
145 424 425 426 427 428 429 430 423 431 433 434 435 436 437 438 439 432 440 422 420 404 405 406 407 408 409 410 421 411
146 420 421 422 423 424 425 426 427 428 429 430 431 432 433 434 419 418 417 416 400 401 402 403 404 405 406 435 407 409
147 409 410 411 412 413 414 408 415 417 418 419 420 421 422 416 407 406 405 389 390 391 392 393 394 395 396 397 398 400
148 414 415 416 417 418 419 420 421 422 423 424 425 426 427 428 413 430 412 410 394 395 396 397 398 400 401 402 403 404
149 411 412 413 414 415 416 417 418 419 420 421 422 423 424 425 410 426 409 407 390 391 392 393 394 395 396 397 398 401
150 409 410 411 412 413 414 415 416 417 418 419 420 421 422 423 408 424 407 405 388 389 390 391 392 393 394 395 396 397
151 424 425 426 427 428 429 430 423 431 433 434 435 436 437 438 439 432 440 422 420 404 405 406 407 408 409 410 421 411
152 407 406 405 404 403 402 398 397 395 387 386 385 384 383 382 381 380 379 377 376 375 374 373 372 371 408 409 411 413
153 421 422 423 424 425 426 427 428 429 430 431 432 433 434 435 420 419 418 417 401 402 403 404 405 406 407 436 408 410
154 428 429 430 431 432 433 434 435 436 437 438 439 440 441 442 427 425 424 423 407 408 409 410 411 412 413 443 414 416
155 420 421 422 423 424 425 426 427 428 429 430 431 432 433 434 419 418 417 416 400 401 402 403 404 405 406 435 407 409
156 424 425 426 427 428 429 430 423 431 433 434 435 436 437 438 439 432 440 422 420 404 405 406 407 408 409 410 421 411
157 424 425 426 427 428 429 430 423 431 433 434 435 436 437 438 439 432 440 422 420 404 405 406 407 408 409 410 421 411
158 421 422 423 424 425 426 427 428 429 430 431 432 433 434 435 420 419 418 417 400 401 402 403 404 405 406 436 407 409
159 424 425 426 427 428 429 430 423 431 433 434 435 436 437 438 439 432 440 422 420 404 405 406 407 408 409 410 421 411
160 427 428 429 430 431 432 433 426 434 436 437 438 439 440 441 442 435 443 425 423 407 408 409 410 411 412 413 424 414
161 423 424 425 426 427 428 429 430 431 432 433 434 435 436 437 422 421 420 419 403 404 405 406 407 408 409 439 410 412
162 404 403 402 398 397 395 387 386 385 384 383 382 381 380 379 377 376 375 374 373 372 371 370 367 365 405 406 407 408
163 424 425 426 427 428 429 430 423 431 433 434 435 436 437 438 439 432 440 422 420 404 405 406 407 408 409 410 421 411
164 424 425 426 427 428 429 430 423 431 433 434 435 436 437 438 439 432 440 422 420 404 405 406 407 408 409 410 421 411
165 424 425 426 427 428 429 430 423 431 433 434 435 436 437 438 439 432 440 422 420 404 405 406 407 408 409 410 421 411
166 385 384 383 382 381 380 379 377 376 375 374 373 372 371 370 367 365 360 359 357 355 352 350 386 346 387 391 433 432
167 424 425 426 427 428 429 430 423 431 433 434 435 436 437 438 439 432 440 422 420 404 405 406 407 408 409 410 421 411
168 427 428 429 430 431 432 433 426 434 436 437 438 439 440 441 442 435 443 425 423 407 408 409 410 411 412 413 424 414
169 420 421 422 423 424 425 426 427 428 429 430 431 432 433 434 419 418 417 416 400 401 402 403 404 405 406 435 407 409
170 424 425 426 427 428 429 430 423 431 433 434 435 436 437 438 439 432 440 422 420 404 405 406 407 408 409 410 421 411
171 406 407 408 409 410 411 405 413 416 417 418 419 420 421 415 404 403 402 385 386 387 388 389 390 391 392 393 394 395
172 427 428 429 430 431 432 433 426 434 436 437 438 439 440 441 442 435 443 425 423 407 408 409 410 411 412 413 424 414
173 427 428 429 430 431 432 433 426 434 436 437 438 439 440 441 442 435 443 425 423 407 408 409 410 411 412 413 424 414
174 349 348 347 344 341 336 334 333 330 327 351 326 324 646 322 317 316 314 312 311 309 308 325 352 354 358 398 397 395
175 405 406 407 408 409 410 404 411 414 415 416 417 418 419 413 403 402 401 385 386 387 388 389 390 391 392 393 394 395
176 407 406 405 404 403 402 401 398 397 396 395 394 393 392 391 390 389 374 375 376 377 379 380 408 381 383 384 385 386
177 424 425 426 427 428 429 430 423 431 433 434 435 436 437 438 439 432 440 422 420 404 405 406 407 408 409 410 421 411
178 424 425 426 427 428 429 430 423 431 433 434 435 436 437 438 439 432 440 422 420 404 405 406 407 408 409 410 421 411
179 415 416 417 418 419 420 421 422 423 424 425 426 427 428 429 413 430 412 410 393 394 395 396 397 398 401 402 403 404
180 405 404 403 402 401 398 397 396 395 394 393 392 391 390 406 389 387 386 385 384 383 382 381 380 379 377 376 375 374
181 424 425 426 427 428 429 430 423 431 433 434 435 436 437 438 439 432 440 422 420 404 405 406 407 408 409 410 421 411
182 411 409 408 407 406 405 404 403 402 398 397 396 395 394 393 392 391 376 377 379 380 381 382 412 383 385 386 387 388
183 427 428 429 430 431 432 433 426 434 436 437 438 439 440 441 442 435 443 425 423 407 408 409 410 411 412 413 424 414
184 403 404 405 406 407 408 402 409 411 412 413 415 416 417 410 418 398 396 382 383 384 385 386 387 397 388 390 391 392
185 370 366 359 358 352 348 347 344 341 334 371 333 327 325 324 646 317 316 314 312 308 303 330 301 372 374 418 417 416
186 395 396 397 398 402 403 394 404 406 407 408 409 410 411 405 412 393 391 376 377 379 380 381 382 392 383 385 386 387
187 420 421 422 423 424 425 426 427 428 429 430 431 432 433 434 419 418 417 416 400 401 402 403 404 405 406 435 407 409
188 374 373 372 371 370 359 357 355 375 346 343 340 339 338 337 331 646 316 345 315 376 379 435 434 433 432 425 423 414
189 427 428 429 430 431 432 433 426 434 436 437 438 439 440 441 442 435 443 425 423 407 408 409 410 411 412 413 424 414
190 427 428 429 430 431 432 433 426 434 436 437 438 439 440 441 442 435 443 425 423 407 408 409 410 411 412 413 424 414
191 422 423 424 425 426 427 428 429 430 431 432 433 434 435 436 421 420 419 418 402 403 404 405 406 407 408 437 409 411
192 409 408 407 406 405 404 403 402 401 398 397 396 395 394 393 392 391 376 377 379 380 381 382 410 383 385 386 387 388
193 391 392 393 394 395 396 390 397 402 403 404 405 406 407 398 408 389 387 372 373 374 375 376 377 388 379 381 382 383
194 421 422 423 424 425 426 427 428 429 430 431 432 433 434 435 420 419 418 417 401 402 403 404 405 406 407 436 408 410
195 416 417 418 419 420 421 422 423 424 425 426 427 428 429 430 415 414 413 412 395 396 397 398 400 401 402 431 403 405
196 405 406 407 408 409 410 404 411 415 416 417 418 419 420 413 403 402 401 384 385 386 387 388 389 390 391 392 393 394
197 427 428 429 430 431 432 433 426 434 436 437 438 439 440 441 442 435 443 425 423 407 408 409 410 411 412 413 424 414
198 406 407 408 409 410 411 405 413 415 416 417 418 419 420 414 404 403 402 385 386 387 388 389 390 391 392 393 394 395
199 427 428 429 430 431 432 433 426 434 436 437 438 439 440 441 442 435 443 425 423 407 408 409 410 411 412 413 424 414
200 415 416 417 418 419 420 421 422 423 424 425 426 427 428 429 414 430 413 411 395 396 397 398 400 401 402 403 404 405
201 393 392 391 390 389 388 387 386 385 384 383 382 381 394 380 377 376 375 374 373 372 371 370 368 367 365 362 361 379
202 424 425 426 427 428 429 430 423 431 433 434 435 436 437 438 439 432 440 422 420 404 405 406 407 408 409 410 421 411
203 427 428 429 430 431 432 433 426 434 436 437 438 439 440 441 442 435 443 425 423 407 408 409 410 411 412 413 424 414
204 427 428 429 430 431 432 433 426 434 436 437 438 439 440 441 442 435 443 425 423 407 408 409 410 411 412 413 424 414
205 424 425 426 427 428 429 430 423 431 433 434 435 436 437 438 439 432 440 422 420 404 405 406 407 408 409 410 421 411
206 424 425 426 427 428 429 430 423 431 433 434 435 436 437 438 439 432 440 422 420 404 405 406 407 408 409 410 421 411
207 412 413 414 415 416 417 411 418 420 421 422 423 424 425 419 410 409 408 391 392 393 394 395 396 397 398 401 402 403
208 393 394 395 396 397 398 392 401 403 404 405 406 407 408 402 409 391 389 374 375 376 377 379 380 390 381 383 384 385
209 423 424 425 426 427 428 429 430 431 432 433 434 435 436 437 422 421 419 418 402 403 404 405 406 407 408 438 409 411
210 411 409 408 407 406 405 404 403 402 398 397 396 395 394 393 392 391 376 377 379 380 381 382 413 383 385 386 387 388
211 415 411 398 397 395 386 385 384 383 382 416 381 379 377 376 375 374 373 372 371 370 368 380 419 423 425 488 486 482
212 409 410 411 412 413 415 408 416 418 419 420 421 422 423 417 407 406 405 388 389 390 391 392 393 394 395 396 397 398
213 427 428 429 430 431 432 433 426 434 436 437 438 439 440 441 442 435 443 425 423 407 408 409 410 411 412 413 424 414
214 427 428 429 430 431 432 433 426 434 436 437 438 439 440 441 442 435 443 425 423 407 408 409 410 411 412 413 424 414
215 424 425 426 427 428 429 430 423 431 433 434 435 436 437 438 439 432 440 422 420 404 405 406 407 408 409 410 421 411
216 427 428 429 430 431 432 433 426 434 436 437 438 439 440 441 442 435 443 425 423 407 408 409 410 411 412 413 424 414
217 291 289 286 284 283 278 277 275 271 268 266 264 263 261 260 299 259 301 308 371 370 366 359 351 334 333 330 324 646
218 427 428 429 430 431 432 433 426 434 436 437 438 439 440 441 442 435 443 425 423 407 408 409 410 411 412 413 424 414
219 398 397 395 387 386 385 384 383 382 381 380 379 377 376 375 374 373 372 371 370 367 402 365 403 405 454 450 446 445
220 364 359 358 356 354 352 351 348 347 342 341 335 334 333 330 327 325 324 646 322 319 318 317 366 370 371 372 414 413
221 424 425 426 427 428 429 430 423 431 433 434 435 436 437 438 439 432 440 422 420 404 405 406 407 408 409 410 421 411
222 413 414 415 416 417 418 419 420 421 422 423 424 425 426 427 412 428 411 409 392 393 394 395 396 397 398 401 402 403
223 424 425 426 427 428 429 430 423 431 433 434 435 436 437 438 439 432 440 422 420 404 405 406 407 408 409 410 421 411
224 424 425 426 427 428 429 430 423 431 433 434 435 436 437 438 439 432 440 422 420 404 405 406 407 408 409 410 421 411
225 391 390 389 388 386 385 384 383 382 392 381 379 377 376 375 374 373 372 371 370 380 393 394 395 442 441 440 439 435
226 424 425 426 427 428 429 430 423 431 433 434 435 436 437 438 439 432 440 422 420 404 405 406 407 408 409 410 421 411
227 427 428 429 430 431 432 433 426 434 436 437 438 439 440 441 442 435 443 425 423 407 408 409 410 411 412 413 424 414
228 419 418 417 416 415 413 410 409 408 407 406 405 404 403 402 401 398 384 385 386 387 388 389 421 390 392 393 394 395
229 414 413 409 408 407 406 405 404 403 402 398 397 395 387 386 385 384 383 382 381 380 379 377 376 375 415 416 417 418
230 407 406 405 403 402 398 397 396 395 394 393 392 391 390 389 388 387 386 385 384 383 409 415 416 417 454 452 450 447
231 344 343 341 340 339 338 337 335 334 333 330 327 324 646 317 316 315 314 311 303 295 345 291 346 351 384 383 382 381
232 420 421 422 423 424 425 426 427 428 429 430 431 432 433 434 419 418 417 416 400 401 402 403 404 405 406 435 407 409
233 411 410 409 408 407 406 405 404 403 402 401 398 397 396 395 394 393 379 380 381 382 383 384 413 385 387 388 389 390
234 424 425 426 427 428 429 430 423 431 433 434 435 436 437 438 439 432 440 422 420 404 405 406 407 408 409 410 421 411
235 404 403 402 401 398 397 396 395 394 393 392 391 390 389 388 387 386 385 384 383 382 381 380 379 377 376 375 374 373
236 424 425 426 427 428 429 430 423 431 433 434 435 436 437 438 439 432 440 422 420 404 405 406 407 408 409 410 421 411
237 403 402 398 397 396 395 394 393 392 391 388 387 386 385 384 383 382 381 380 379 377 376 375 405 406 407 409 454 450
238 382 381 380 379 377 376 375 374 373 372 371 370 369 367 365 364 363 361 360 359 358 357 356 355 354 353 352 351 350
239 423 424 425 426 427 428 429 422 430 432 433 434 435 436 438 439 431 440 421 419 403 404 405 406 407 408 409 420 410
240 424 425 426 427 428 429 430 423 431 433 434 435 436 437 438 439 432 440 422 420 404 405 406 407 408 409 410 421 411
241 413 414 415 416 417 418 419 420 421 422 423 424 425 426 427 412 428 411 409 392 393 394 395 396 397 398 401 402 403
242 427 428 429 430 431 432 433 426 434 436 437 438 439 440 441 442 435 443 425 423 407 408 409 410 411 412 413 424 414
243 402 403 404 405 406 407 401 408 410 411 413 415 416 417 409 418 398 396 382 383 384 385 386 387 397 388 390 391 392
244 410 409 407 406 405 404 403 402 401 398 397 396 395 394 411 393 391 390 389 388 387 386 385 384 383 382 381 380 379
245 427 428 429 430 431 432 433 426 434 436 437 438 439 440 441 442 435 443 425 423 407 408 409 410 411 412 413 424 414
246 427 428 429 430 431 432 433 426 434 436 437 438 439 440 441 442 435 443 425 423 407 408 409 410 411 412 413 424 414
247 427 428 429 430 431 432 433 426 434 436 437 438 439 440 441 442 435 443 425 423 407 408 409 410 411 412 413 424 414
248 410 411 413 414 415 416 417 418 419 420 421 422 423 424 425 409 426 408 406 389 390 391 392 393 394 395 396 397 398
249 427 428 429 430 431 432 433 426 434 436 437 438 439 440 441 442 435 443 425 423 407 408 409 410 411 412 413 424 414
250 427 428 429 430 431 432 433 426 434 436 437 438 439 440 441 442 435 443 425 423 407 408 409 410 411 412 413 424 414
251 415 416 417 418 419 420 421 422 423 424 425 426 427 428 429 414 430 413 411 395 396 397 398 400 401 402 403 404 405
252 427 428 429 430 431 432 433 426 434 436 437 438 439 440 441 442 435 443 425 423 407 408 409 410 411 412 413 424 414
253 420 421 422 423 424 425 426 427 428 429 430 431 432 433 434 419 418 417 416 400 401 402 403 404 405 406 435 407 409
254 420 421 422 423 424 425 426 427 428 429 430 431 432 433 434 419 418 417 416 400 401 402 403 404 405 406 435 407 409
255 415 416 417 418 419 420 421 422 423 424 425 426 427 428 429 414 413 412 411 394 395 396 397 398 400 401 430 402 404
256 427 428 429 430 431 432 433 426 434 436 437 438 439 440 441 442 435 443 425 423 407 408 409 410 411 412 413 424 414
257 424 425 426 427 428 429 430 423 431 433 434 435 436 437 438 439 432 440 422 420 404 405 406 407 408 409 410 421 411
258 416 417 418 419 420 421 422 423 424 425 426 427 428 430 431 415 414 413 412 395 396 397 398 400 401 402 432 403 405
259 426 427 428 429 430 431 432 425 433 435 437 438 439 440 441 442 434 443 424 422 406 407 408 409 410 411 412 423 413
260 427 428 429 430 431 432 433 426 434 436 437 438 439 440 441 442 435 443 425 423 407 408 409 410 411 412 413 424 414
261 410 411 412 413 415 416 417 418 419 420 421 422 423 424 425 409 426 408 406 389 390 391 392 393 394 395 396 397 398
262 319 317 316 314 312 311 308 305 302 291 290 289 288 286 283 277 275 322 274 646 325 376 375 374 373 372 371 370 366
263 393 392 391 388 387 386 385 384 383 382 381 380 379 377 376 375 374 373 372 371 370 368 367 365 362 394 359 395 397
264 410 408 407 406 405 404 403 402 401 398 397 396 395 394 393 392 391 390 389 388 387 386 385 384 383 411 382 415 418
265 405 406 407 408 409 410 404 411 413 415 416 417 418 419 412 403 402 401 384 385 386 387 388 389 390 391 392 393 394
266 420 421 422 423 424 425 426 427 428 429 430 431 432 433 434 419 418 417 416 400 401 402 403 404 405 406 435 407 409
267 419 420 421 422 423 424 425 426 427 428 430 431 432 433 434 418 417 416 415 398 400 401 402 403 404 405 435 406 408
268 405 406 407 408 409 410 404 411 414 415 416 417 418 419 413 403 402 401 384 385 386 387 388 389 390 391 392 393 394
269 318 316 310 289 286 277 274 273 268 266 264 263 261 260 259 319 646 324 332 382 381 380 379 377 376 375 256 374 372
270 404 405 406 407 408 409 403 410 413 415 416 417 418 419 411 402 401 398 383 384 385 386 387 388 389 390 391 392 393
271 423 424 425 426 427 428 429 430 431 432 433 434 435 437 438 422 421 420 419 403 404 405 406 407 408 409 439 410 412
272 425 426 427 428 429 430 431 424 432 434 435 436 438 439 440 441 433 442 423 421 404 405 406 407 408 409 410 422 411
273 418 419 420 421 422 423 424 425 426 427 428 429 430 431 432 417 416 415 414 397 398 400 401 402 403 404 433 405 407
274 427 428 429 430 431 432 433 426 434 436 437 438 439 440 441 442 435 443 425 423 407 408 409 410 411 412 413 424 414
275 420 421 422 423 424 425 426 427 428 429 430 431 432 433 434 419 418 417 416 400 401 402 403 404 405 406 435 407 409
276 427 428 429 430 431 432 433 426 434 436 437 438 439 440 441 442 435 443 425 423 407 408 409 410 411 412 413 424 414
277 382 381 380 379 377 376 375 374 373 372 383 371 367 365 359 357 356 355 349 346 345 343 370 342 384 386 440 439 436
278 424 425 426 427 428 429 430 423 431 433 434 435 436 437 438 439 432 440 422 420 404 405 406 407 408 409 410 421 411
279 418 419 420 421 422 423 424 425 426 427 428 429 430 431 432 417 416 415 414 397 398 400 401 402 403 404 433 405 407
280 427 428 429 430 431 432 433 426 434 436 437 438 439 440 441 442 435 443 425 423 407 408 409 410 411 412 413 424 414
281 420 421 422 423 424 425 426 427 428 429 430 431 432 433 434 419 418 417 416 400 401 402 403 404 405 406 435 407 409
282 424 425 426 427 428 429 430 423 431 433 434 435 436 437 438 439 432 440 422 420 404 405 406 407 408 409 410 421 411
283 427 426 425 424 423 422 421 418 417 416 415 414 413 411 410 408 407 406 405 403 402 401 400 398 397 395 387 386 385
284 355 354 352 346 345 343 342 341 357 340 338 337 327 326 324 646 319 316 339 359 365 366 397 395 387 386 385 384 383
285 420 421 422 423 424 425 426 427 428 430 431 432 433 434 435 419 418 417 416 400 401 402 403 404 405 406 437 407 409
286 424 425 426 427 428 429 430 423 431 433 434 435 436 437 438 439 432 440 422 420 404 405 406 407 408 409 410 421 411
287 405 406 407 409 410 411 404 412 415 416 417 418 419 420 413 421 403 401 385 386 387 388 389 390 402 391 393 394 395
288 427 428 429 430 431 432 433 426 434 436 437 438 439 440 441 442 435 443 425 423 407 408 409 410 411 412 413 424 414
289 425 426 427 428 429 430 431 424 432 434 435 436 438 439 440 441 433 442 423 421 404 405 406 407 408 409 410 422 411
290 397 396 395 394 393 392 391 390 389 388 387 386 385 384 383 382 381 380 379 377 376 375 374 373 372 371 370 368 367
291 416 417 418 419 420 421 422 423 424 425 426 427 428 429 430 415 414 413 411 394 395 396 397 398 400 401 431 402 404
292 424 425 426 427 428 429 430 423 431 433 434 435 436 437 438 439 432 440 422 420 404 405 406 407 408 409 410 421 411
293 418 419 421 422 423 424 425 426 427 428 429 431 432 433 434 417 435 416 414 398 399 400 401 402 403 404 405 406 407
294 416 417 418 419 420 421 422 423 424 425 426 427 428 429 430 415 414 413 412 395 396 397 398 400 401 402 431 403 405
295 424 425 426 427 428 429 430 423 431 433 434 435 436 437 438 439 432 440 422 420 404 405 406 407 408 409 410 421 411
296 427 428 429 430 431 432 433 426 434 436 437 438 439 440 441 442 435 443 425 423 407 408 409 410 411 412 413 424 414
297 420 421 422 423 424 425 426 427 428 429 430 431 432 433 434 419 418 417 416 398 400 401 402 403 404 405 435 406 408
298 424 425 426 427 428 429 430 423 431 433 434 435 436 437 438 439 432 440 422 420 404 405 406 407 408 409 410 421 411
299 407 406 405 404 403 402 398 397 396 395 394 393 392 391 390 389 388 387 386 385 384 383 382 381 380 379 377 376 375
300 424 425 426 427 428 429 430 423 431 433 434 435 436 437 438 439 432 440 422 420 404 405 406 407 408 409 410 421 411
301 427 428 429 430 431 432 433 426 434 436 437 438 439 440 441 442 435 443 425 423 407 408 409 410 411 412 413 424 414
302 424 425 426 427 428 429 430 423 431 433 434 435 436 437 438 439 432 440 422 420 404 405 406 407 408 409 410 421 411
303 412 413 414 415 416 417 418 419 420 421 422 423 424 425 426 411 427 410 408 392 393 394 395 396 397 398 400 401 402
304 409 408 407 406 405 404 403 402 398 397 396 395 394 393 411 392 390 389 388 387 386 385 384 383 382 381 380 379 377
305 375 374 373 372 371 370 367 365 361 359 357 355 352 347 346 345 343 342 340 339 338 376 377 379 380 433 432 425 423
306 423 424 425 426 427 428 429 430 431 432 433 434 435 436 437 422 421 420 419 403 404 405 406 407 408 409 439 410 412
307 417 418 419 420 421 422 423 424 425 426 427 428 429 430 431 416 432 415 413 397 398 400 401 402 403 404 405 406 407
308 291 299 301 303 312 646 330 359 365 370 371 372 373 289 374 376 377 379 380 381 382 383 384 385 386 395 397 398 375
309 420 421 422 423 424 425 426 427 428 429 430 431 432 433 434 419 418 417 416 400 401 402 403 404 405 406 435 407 409
310 413 414 415 416 417 418 419 420 421 422 423 424 425 426 427 412 428 411 409 392 393 394 395 396 397 398 401 402 403
311 420 421 422 423 424 425 426 427 428 429 430 431 432 433 434 419 418 417 416 400 401 402 403 404 405 406 435 407 409
312 424 425 426 427 428 429 430 423 431 433 434 435 436 437 438 439 432 440 422 420 404 405 406 407 408 409 410 421 411
313 424 425 426 427 428 429 430 423 431 433 434 435 436 437 438 439 432 440 422 420 404 405 406 407 408 409 410 421 411
314 413 414 415 416 417 418 419 420 421 422 423 424 425 426 427 412 428 411 409 393 394 395 396 397 398 400 401 402 403
315 424 425 426 427 428 429 430 423 431 433 434 435 436 437 438 439 432 440 422 420 404 405 406 407 408 409 410 421 411
316 424 425 426 427 428 429 430 423 431 433 434 435 436 437 438 439 432 440 422 420 404 405 406 407 408 409 410 421 411
317 402 403 404 405 406 407 401 408 410 411 413 415 416 417 409 418 399 397 383 384 385 386 387 388 398 389 391 392 393
318 413 414 415 416 417 418 419 420 421 422 423 424 425 426 427 412 428 411 409 392 393 394 395 396 397 398 401 402 403
319 424 425 426 427 428 429 430 423 431 433 434 435 436 437 438 439 432 440 422 420 404 405 406 407 408 409 410 421 411
320 424 425 426 427 428 429 430 423 431 433 434 435 436 437 438 439 432 440 422 420 404 405 406 407 408 409 410 421 411
321 427 428 429 430 431 432 433 426 434 436 437 438 439 440 441 442 435 443 425 423 407 408 409 410 411 412 413 424 414
322 427 428 429 430 431 432 433 426 434 436 437 438 439 440 441 442 435 443 425 423 407 408 409 410 411 412 413 424 414
323 420 421 422 423 424 425 426 427 428 429 430 431 432 433 434 419 418 417 416 400 401 402 403 404 405 406 435 407 409
324 413 414 415 416 417 418 411 419 421 422 423 424 425 427 420 409 407 406 390 391 392 393 394 395 396 397 398 400 401
325 424 425 426 427 428 429 430 423 431 433 434 435 436 437 438 439 432 440 422 420 404 405 406 407 408 409 410 421 411
326 424 425 426 427 428 429 430 423 431 433 434 435 436 437 438 439 432 440 422 420 404 405 406 407 408 409 410 421 411
327 424 425 426 427 428 429 430 423 431 433 434 435 436 437 438 439 432 440 422 420 404 405 406 407 408 409 410 421 411
328 398 400 401 402 403 404 397 405 407 408 409 410 411 413 406 414 396 394 380 381 382 383 384 385 395 386 388 389 390
329 427 428 429 430 431 432 433 426 434 436 437 438 439 440 441 442 435 443 425 423 407 408 409 410 411 412 413 424 414
330 421 422 423 424 425 426 427 428 429 430 431 432 433 434 435 419 418 417 416 400 401 402 403 404 405 406 436 407 409
331 417 418 419 421 422 423 424 425 426 427 428 429 430 431 432 416 433 415 413 396 397 398 399 400 402 403 404 405 406
332 409 407 406 405 403 402 398 397 396 395 394 393 392 391 390 389 388 387 386 385 384 383 382 381 380 379 377 411 376
333 424 425 426 427 428 429 430 423 431 433 434 435 436 437 438 439 432 440 422 420 404 405 406 407 408 409 410 421 411
334 427 428 429 430 431 432 433 426 434 436 437 438 439 440 441 442 435 443 425 423 407 408 409 410 411 412 413 424 414
335 411 412 413 415 416 417 418 419 420 421 422 423 424 425 426 410 427 409 407 390 391 392 393 394 395 396 397 398 401
336 424 425 426 427 428 429 430 423 431 433 434 435 436 437 438 439 432 440 422 420 404 405 406 407 408 409 410 421 411
337 407 406 405 403 402 401 398 397 396 395 394 393 392 391 390 389 388 387 386 385 384 383 382 381 380 379 377 376 375
338 424 425 426 427 428 429 430 423 431 433 434 435 436 437 438 439 432 440 422 420 404 405 406 407 408 409 410 421 411
339 424 425 426 427 428 429 430 423 431 433 434 435 436 437 438 439 432 440 422 420 404 405 406 407 408 409 410 421 411
340 414 411 410 409 407 406 405 403 402 400 398 397 395 387 386 385 384 383 382 381 380 379 377 376 375 415 374 416 418
341 424 425 426 427 428 429 430 423 431 433 434 435 436 437 438 439 432 440 422 420 404 405 406 407 408 409 410 421 411
342 418 419 420 421 422 423 424 425 426 427 428 429 430 431 432 417 416 415 414 397 398 400 401 402 403 404 433 405 407
343 422 423 424 425 426 427 428 429 430 431 432 433 434 435 436 421 420 419 418 402 403 404 405 406 407 408 437 409 411
344 333 330 327 325 324 646 322 319 317 316 334 314 311 308 305 303 301 299 291 290 289 287 312 286 335 344 377 376 375
345 406 407 408 409 410 411 405 412 415 416 417 418 419 420 413 404 403 402 385 386 387 388 389 390 391 392 393 394 395
346 419 420 421 422 423 424 425 426 427 428 429 430 431 432 433 418 417 416 415 398 400 401 402 403 404 405 434 406 408
347 420 421 422 423 424 425 426 427 428 429 430 431 432 433 434 419 418 417 416 400 401 402 403 404 405 406 435 407 409
348 409 410 411 412 413 415 416 417 418 419 420 421 422 423 424 408 425 407 405 388 389 390 391 392 393 394 395 396 397
349 417 418 419 420 421 422 423 424 425 426 427 428 429 430 431 416 415 414 413 396 397 398 400 401 402 403 432 404 406
350 283 280 278 277 275 274 273 272 271 284 270 267 266 265 264 263 261 260 259 258 268 257 285 287 317 316 314 313 312
351 408 409 410 411 412 413 407 415 417 418 419 420 421 422 416 406 405 404 387 388 389 390 391 392 393 394 395 396 397
352 401 402 403 404 405 406 400 407 409 410 411 413 414 415 408 416 398 396 382 383 384 385 386 387 397 388 390 391 392
353 413 414 415 416 417 418 419 420 421 422 423 424 425 426 427 412 428 411 409 392 393 394 395 396 397 398 401 402 403
354 411 413 415 416 417 418 410 419 421 422 423 424 425 426 420 409 408 407 391 392 393 394 395 396 397 398 400 401 402
355 418 419 420 421 422 423 424 425 426 427 428 429 430 431 432 417 416 415 414 398 399 400 401 402 403 404 433 405 407
356 424 425 426 427 428 429 430 423 431 433 434 435 436 437 438 439 432 440 422 420 404 405 406 407 408 409 410 421 411
357 397 398 401 402 403 404 396 405 407 408 409 410 411 412 406 413 395 393 379 380 381 382 383 384 394 385 387 388 389
358 424 425 426 427 428 429 430 423 431 433 434 435 436 437 438 439 432 440 422 420 404 405 406 407 408 409 410 421 411
359 424 425 426 427 428 429 430 423 431 433 434 435 436 437 438 439 432 440 422 420 404 405 406 407 408 409 410 421 411
360 417 418 419 420 421 422 423 424 425 426 427 428 429 430 431 416 415 414 413 396 397 398 400 401 402 403 432 404 406
361 417 416 415 413 411 410 408 407 406 405 403 402 401 398 397 396 395 394 393 392 391 388 387 386 385 384 383 418 382
362 406 405 404 403 402 401 398 397 396 395 394 393 392 391 390 389 388 373 374 375 376 377 379 407 380 382 383 384 385
363 405 404 403 402 401 398 397 396 395 394 393 392 391 390 406 389 387 386 385 384 383 382 381 380 379 377 376 375 374
364 340 339 338 337 325 324 646 317 316 315 314 311 310 300 289 286 284 342 279 343 346 383 382 381 380 379 377 376 375
365 376 375 374 373 372 371 370 367 365 377 361 358 357 356 355 353 351 349 348 346 359 379 380 381 423 422 419 415 414
366 426 427 428 429 430 431 432 425 433 435 436 437 438 439 440 441 434 442 424 422 406 407 408 409 410 411 412 423 413
367 424 425 426 427 428 429 430 423 431 433 434 435 436 437 438 439 432 440 422 420 404 405 406 407 408 409 410 421 411
368 403 402 398 397 396 395 394 393 392 391 405 390 388 387 386 385 384 383 382 381 380 379 389 377 406 409 445 444 442
369 425 424 423 422 421 419 418 417 416 415 414 413 411 427 410 407 406 405 403 400 398 397 395 390 389 387 386 385 409
370 420 421 422 423 424 425 426 427 428 429 430 431 432 433 434 419 418 417 416 400 401 402 403 404 405 406 435 407 409
371 427 428 429 430 431 432 433 426 434 436 437 438 439 440 441 442 435 443 425 423 407 408 409 410 411 412 413 424 414
372 393 392 391 390 389 388 387 386 385 384 383 382 394 381 379 377 376 375 374 373 372 371 370 367 365 361 380 395 396
373 427 428 429 430 431 432 433 426 434 436 437 438 439 440 441 442 435 443 425 423 407 408 409 410 411 412 413 424 414
374 427 428 429 430 431 432 433 426 434 436 437 438 439 440 441 442 435 443 425 423 407 408 409 410 411 412 413 424 414
375 424 425 426 427 428 429 430 423 431 433 434 435 436 437 438 439 432 440 422 420 404 405 406 407 408 409 410 421 411
376 402 398 397 396 395 394 393 392 391 390 389 388 387 403 386 384 383 382 381 380 379 377 376 375 374 373 372 371 385
377 408 409 410 411 412 413 407 415 417 418 419 420 421 422 416 406 405 404 387 388 389 390 391 392 393 394 395 396 397
378 408 409 410 411 413 415 407 416 418 419 420 421 422 423 417 406 405 404 387 388 389 390 391 392 393 394 395 396 397
379 423 424 425 426 427 428 429 430 431 432 433 434 435 436 437 422 421 420 419 403 404 405 406 407 408 409 439 410 412
380 417 418 419 420 421 422 423 424 425 426 427 428 429 430 431 416 415 414 413 396 397 398 400 401 402 403 432 404 406
381 406 405 403 398 397 395 387 386 407 385 383 382 381 380 379 377 376 375 384 374 409 411 447 446 445 444 442 441 440
382 410 411 413 415 416 417 418 419 420 421 422 423 424 425 426 409 427 408 406 389 390 391 392 393 394 395 396 397 398
383 415 416 417 418 419 420 421 422 423 424 425 427 428 429 430 414 431 413 411 395 396 397 398 400 401 402 403 404 405
384 408 409 410 411 413 415 407 416 418 419 420 421 422 423 417 406 405 404 387 388 389 390 391 392 393 394 395 396 397
385 398 400 401 402 403 404 397 405 407 408 409 410 411 413 406 415 396 394 380 381 382 383 384 385 395 386 388 389 390
386 409 408 407 406 405 404 403 402 401 398 397 396 395 394 393 392 391 376 377 379 380 381 382 410 383 385 386 387 388
387 422 419 418 417 416 415 414 407 406 405 404 423 400 398 397 395 387 386 385 384 383 382 381 380 399 425 429 432 476
388 427 428 429 430 431 432 433 426 434 436 437 438 439 440 441 442 435 443 425 423 407 408 409 410 411 412 413 424 414
389 427 428 429 430 431 432 433 426 434 436 437 438 439 440 441 442 435 443 425 423 407 408 409 410 411 412 413 424 414
390 405 404 403 402 401 398 397 396 395 394 393 392 391 390 406 389 387 386 385 384 383 382 381 380 379 377 376 375 374
391 405 404 403 402 401 398 397 396 395 394 393 392 391 390 389 388 387 372 373 374 375 376 377 406 379 381 382 383 384
392 411 410 409 407 406 405 404 403 402 401 398 397 396 395 394 393 392 391 390 389 388 387 386 385 384 383 382 381 380
393 427 428 429 430 431 432 433 426 434 436 437 438 439 440 441 442 435 443 425 423 407 408 409 410 411 412 413 424 414
394 407 406 405 404 403 402 401 398 397 396 395 394 393 392 391 390 389 374 375 376 377 379 380 408 381 383 384 385 386
395 420 421 422 423 424 425 426 427 428 429 430 431 432 433 434 419 418 417 416 400 401 402 403 404 405 406 435 407 409
396 424 425 426 427 428 429 430 423 431 433 434 435 436 437 438 439 432 440 422 420 404 405 406 407 408 409 410 421 411
397 398 402 403 404 405 406 397 407 409 410 411 413 414 415 408 416 396 394 380 381 382 383 384 385 395 386 388 389 390
398 396 397 398 401 402 403 395 404 406 407 408 409 410 411 405 413 394 392 377 379 380 381 382 383 393 384 386 387 388
399 424 425 426 427 428 429 430 423 431 433 434 435 436 437 438 439 432 440 422 420 404 405 406 407 408 409 410 421 411
400 413 415 416 417 418 419 420 421 422 423 424 425 426 427 428 412 429 411 409 392 393 394 395 396 397 398 401 402 403
401 424 425 426 427 428 429 430 423 431 433 434 435 436 437 438 439 432 440 422 420 404 405 406 407 408 409 410 421 411
402 405 404 402 398 397 396 395 394 393 392 391 390 389 388 387 386 385 370 371 372 373 374 375 406 376 379 380 381 382
403 427 428 429 430 431 432 433 426 434 436 437 438 439 440 441 442 435 443 425 423 407 408 409 410 411 412 413 424 414
404 424 425 426 427 428 429 430 423 431 433 434 435 436 437 438 439 432 440 422 420 404 405 406 407 408 409 410 421 411
405 420 421 422 423 424 425 426 427 428 429 430 431 432 433 434 419 418 417 416 397 398 401 402 403 404 405 435 406 408
406 422 423 424 425 426 427 428 429 430 431 432 433 434 435 436 421 420 419 418 400 401 402 403 405 406 407 437 408 411
407 427 428 429 430 431 432 433 426 434 436 437 438 439 440 441 442 435 443 425 423 407 408 409 410 411 412 413 424 414
408 356 342 335 324 646 316 303 302 359 296 294 292 288 286 283 282 278 277 295 275 365 371 398 397 395 387 386 385 384
409 417 418 419 420 421 422 423 424 425 426 427 428 429 430 431 416 415 414 413 396 397 398 400 401 402 403 432 404 406
410 419 420 421 422 423 424 425 426 427 428 429 430 431 432 433 418 417 416 415 398 400 401 402 403 404 405 434 406 408
411 427 428 429 430 431 432 433 426 434 436 437 438 439 440 441 442 435 443 425 423 407 408 409 410 411 412 413 424 414
412 420 421 422 423 424 425 426 427 428 429 430 431 432 433 434 419 418 417 416 400 401 402 403 404 405 406 435 407 409
413 420 421 422 423 424 425 426 427 428 429 430 431 432 433 434 419 418 417 416 400 401 402 403 404 405 406 435 407 409
414 424 425 426 427 428 429 430 423 431 433 434 435 436 437 438 439 432 440 422 420 404 405 406 407 408 409 410 421 411
415 421 422 423 424 425 426 427 428 429 430 431 432 433 434 435 420 419 418 417 401 402 403 404 405 406 407 436 408 410
416 427 428 429 430 431 432 433 426 434 436 437 438 439 440 441 442 435 443 425 423 407 408 409 410 411 412 413 424 414
417 427 428 429 430 431 432 433 426 434 436 437 438 439 440 441 442 435 443 425 423 407 408 409 410 411 412 413 424 414
418 424 425 426 427 428 429 430 431 432 433 434 435 436 437 438 423 422 421 420 404 405 406 407 408 409 410 439 411 413
419 427 428 429 430 431 432 433 426 434 436 437 438 439 440 441 442 435 443 425 423 407 408 409 410 411 412 413 424 414
420 381 380 379 377 376 375 374 373 372 371 370 365 359 357 355 346 345 343 342 382 340 383 385 432 428 425 423 421 416
421 405 406 407 408 409 410 404 411 415 416 417 418 419 420 413 403 402 401 384 385 386 387 388 389 390 391 392 393 394
422 427 428 429 430 431 432 433 426 434 436 437 438 439 440 441 442 435 443 425 423 407 408 409 410 411 412 413 424 414
423 424 425 426 427 428 429 430 423 431 433 434 435 436 437 438 439 432 440 422 420 404 405 406 407 408 409 410 421 411
424 420 421 422 423 424 425 426 427 428 429 430 431 432 433 434 419 418 417 416 400 401 402 403 404 405 406 435 407 409
425 427 428 429 430 431 432 433 426 434 436 437 438 439 440 441 442 435 443 425 423 407 408 409 410 411 412 413 424 414
426 412 413 414 415 416 417 418 419 421 422 423 424 425 426 427 411 428 410 408 392 393 394 395 396 397 398 399 401 402
427 427 428 429 430 431 432 433 426 434 436 437 438 439 440 441 442 435 443 425 423 407 408 409 410 411 412 413 424 414
428 425 426 427 428 429 430 431 424 432 434 435 436 439 440 441 442 433 444 423 421 404 405 406 407 408 409 410 422 411
429 424 425 426 427 428 429 430 423 431 433 434 435 436 437 438 439 432 440 422 420 404 405 406 407 408 409 410 421 411
430 387 386 385 384 383 382 381 380 379 395 377 375 374 373 372 371 370 366 365 359 376 357 397 399 445 444 442 441 440
431 416 417 418 419 420 421 422 423 424 425 426 427 428 429 430 415 431 413 410 393 394 395 396 397 398 399 402 403 404
432 427 428 429 430 431 432 433 426 434 436 437 438 439 440 441 442 435 443 425 423 407 408 409 410 411 412 413 424 414
433 416 417 419 420 422 423 415 424 426 427 428 429 430 431 425 414 413 412 395 396 397 398 400 401 402 403 404 405 406
434 427 428 429 430 431 432 433 426 434 436 437 438 439 440 441 442 435 443 425 423 407 408 409 410 411 412 413 424 414
435 417 418 419 420 421 422 423 424 425 426 427 428 429 430 431 416 415 414 413 395 396 397 398 400 401 402 432 403 405
436 424 425 426 427 428 429 430 423 431 433 434 435 436 437 438 439 432 440 422 420 404 405 406 407 408 409 410 421 411
437 424 425 426 427 428 429 430 423 431 433 434 435 436 437 438 439 432 440 422 420 404 405 406 407 408 409 410 421 411
438 416 417 418 419 420 421 422 423 424 425 426 427 428 430 431 415 432 414 412 394 395 396 397 398 402 403 404 405 406
439 417 418 419 420 421 422 423 424 425 426 427 428 429 430 431 416 415 414 413 396 397 398 400 401 402 403 432 404 406
440 412 413 414 415 416 417 418 419 420 421 422 423 424 425 426 411 427 410 408 392 393 394 395 396 397 398 400 401 402
441 403 404 405 406 407 408 402 409 411 413 415 416 417 418 410 398 397 396 381 382 383 384 385 386 387 388 389 390 391
442 424 425 426 427 428 429 430 423 431 433 434 435 436 437 438 439 432 440 422 420 404 405 406 407 408 409 410 421 411
443 424 425 426 427 428 429 430 423 431 433 434 435 436 437 438 439 432 440 422 420 404 405 406 407 408 409 410 421 411
444 413 414 415 416 417 418 419 421 422 423 424 425 426 427 428 411 429 410 408 391 392 393 394 395 396 397 398 401 402
445 410 411 413 414 415 416 409 417 419 420 421 422 423 424 418 408 407 406 390 391 392 393 394 395 396 397 398 400 401
446 420 421 422 423 424 425 426 427 428 429 430 431 432 433 434 419 418 417 416 400 401 402 403 404 405 406 435 407 409
447 314 646 342 356 359 370 371 372 373 374 375 376 377 379 380 381 382 439 433 432 425 423 417 311 402 397 395 386 385
448 423 424 425 426 427 428 429 430 431 432 433 434 435 436 439 422 421 420 419 402 403 404 405 406 407 408 440 409 411
449 424 425 426 427 428 429 430 423 431 433 434 435 436 437 438 439 432 440 422 420 404 405 406 407 408 409 410 421 411
450 379 377 376 375 374 373 372 371 370 369 367 365 359 357 355 346 345 343 342 380 340 381 383 425 423 421 419 417 415
451 399 398 397 396 395 394 393 392 391 390 389 388 387 402 386 384 383 382 381 380 379 377 376 375 374 373 372 371 385
452 411 412 413 414 415 416 410 417 419 421 423 424 425 426 418 409 407 406 389 390 391 392 393 394 395 396 397 398 400
453 377 376 375 374 373 372 371 370 367 379 365 357 355 353 349 347 346 345 343 342 359 380 381 382 421 419 417 416 415
454 398 397 396 395 394 393 392 391 388 387 386 385 384 383 382 381 380 379 377 376 375 374 373 372 371 370 367 399 402
455 424 425 426 427 428 429 430 423 431 433 434 435 436 437 438 439 432 440 422 420 404 405 406 407 408 409 410 421 411
456 427 428 429 430 431 432 433 426 434 436 437 438 439 440 441 442 435 443 425 423 407 408 409 410 411 412 413 424 414
457 377 376 375 374 373 372 379 371 365 362 359 353 342 324 370 380 381 382 423 419 415 407 406 405 403 402 398 397 395
458 418 419 420 421 422 423 424 425 426 427 428 429 430 431 432 417 416 415 414 397 398 400 401 402 403 404 433 405 407
459 418 419 420 421 422 423 424 425 426 427 428 429 430 431 432 417 416 415 414 397 398 400 401 402 403 404 433 405 407
460 418 419 420 421 422 423 424 425 426 427 428 430 431 432 433 417 416 415 414 397 398 400 401 402 403 404 434 405 407
461 402 403 404 405 406 407 401 408 410 411 412 413 415 416 409 398 397 396 381 382 383 384 385 386 387 388 389 390 391
462 427 428 429 430 431 432 433 426 434 436 437 438 439 440 441 442 435 443 425 423 407 408 409 410 411 412 413 424 414
463 372 371 370 367 365 362 359 357 356 373 355 346 345 343 342 340 339 338 337 336 347 374 375 376 415 411 409 407 406
464 427 428 429 430 431 432 433 426 434 436 437 438 439 440 441 442 435 443 425 423 407 408 409 410 411 412 413 424 414
465 423 424 425 426 427 428 429 422 430 432 433 434 435 437 438 439 431 440 421 419 403 404 405 406 407 408 409 420 410
466 410 411 412 413 415 416 417 418 419 420 421 422 423 424 425 409 426 408 406 390 391 392 393 394 395 396 397 398 400
467 402 398 397 396 395 394 393 392 391 390 389 388 403 387 385 384 383 382 381 380 379 377 376 375 374 373 386 404 405
468 408 409 410 411 413 414 415 416 417 418 419 420 421 422 423 407 424 406 404 388 389 390 391 392 393 394 395 396 397
469 427 428 429 430 431 432 433 426 434 436 437 438 439 440 441 442 435 443 425 423 407 408 409 410 411 412 413 424 414
470 427 428 429 430 431 432 433 426 434 436 437 438 439 440 441 442 435 443 425 423 407 408 409 410 411 412 413 424 414
471 424 425 426 427 428 429 430 423 431 433 434 435 436 437 438 439 432 440 422 420 404 405 406 407 408 409 410 421 411
472 424 425 426 427 428 429 430 423 431 433 434 435 436 437 438 439 432 440 422 420 404 405 406 407 408 409 410 421 411
473 424 425 426 427 428 429 430 423 431 433 434 435 436 437 438 439 432 440 422 420 404 405 406 407 408 409 410 421 411
474 422 423 424 425 426 427 428 429 430 431 432 433 434 435 436 421 420 419 418 402 403 404 405 406 407 408 437 409 411
475 427 428 429 430 431 432 433 426 434 436 437 438 439 440 441 442 435 443 425 423 407 408 409 410 411 412 413 424 414
476 422 421 420 419 418 417 416 415 413 412 411 410 409 408 402 401 398 397 395 390 389 387 386 385 384 383 382 381 380
477 424 425 426 427 428 429 430 423 431 433 434 435 436 437 438 439 432 440 422 420 404 405 406 407 408 409 410 421 411
478 424 425 426 427 428 429 430 423 431 433 434 435 436 437 438 439 432 440 422 420 404 405 406 407 408 409 410 421 411
479 424 425 426 427 428 429 430 423 431 433 434 435 436 437 438 439 432 440 422 420 404 405 406 407 408 409 410 421 411
480 423 422 421 418 417 416 415 414 413 411 410 409 408 407 424 406 404 403 402 401 400 398 397 395 387 386 385 384 383
481 427 428 429 430 431 432 433 426 434 436 437 438 439 440 441 442 435 443 425 423 407 408 409 410 411 412 413 424 414
482 403 402 401 398 397 396 395 394 393 392 391 390 389 388 387 386 385 384 383 382 381 380 379 377 376 375 374 373 372
483 410 411 412 413 414 415 416 417 418 419 420 421 422 423 424 409 425 408 406 389 390 391 392 393 394 395 396 397 398
484 424 425 426 427 428 429 430 423 431 433 434 435 436 437 438 439 432 440 422 420 404 405 406 407 408 409 410 421 411
485 427 428 429 430 431 432 433 426 434 436 437 438 439 440 441 442 435 443 425 423 407 408 409 410 411 412 413 424 414
486 410 409 407 406 405 403 402 412 398 395 386 385 384 383 382 381 397 416 421 423 482 476 470 468 466 452 447 446 444
487 408 409 410 411 412 413 415 416 417 418 419 420 421 422 423 407 424 406 404 387 388 389 390 391 392 393 394 395 396
488 425 426 427 428 429 430 431 424 432 434 435 436 437 438 439 440 433 441 423 421 404 405 406 407 408 409 410 422 411
489 424 425 426 427 428 429 430 423 431 433 434 435 436 437 438 439 432 440 422 420 404 405 406 407 408 409 410 421 411
490 415 416 417 418 419 420 421 422 423 424 425 426 427 428 429 414 413 412 411 394 395 396 397 398 400 401 430 402 404
491 404 405 406 407 408 409 403 410 413 414 415 416 417 418 411 419 402 398 384 385 386 387 388 389 400 390 392 393 394
492 425 426 427 428 429 430 431 432 433 434 435 436 437 438 439 424 440 423 420 403 404 405 406 407 409 410 411 412 413
493 385 384 383 382 381 380 379 377 376 386 375 373 372 371 370 366 365 359 357 355 374 387 388 389 423 419 417 415 414
494 424 425 426 427 428 429 430 423 431 433 434 435 436 437 438 439 432 440 422 420 404 405 406 407 408 409 410 421 411
495 420 421 422 423 424 425 418 426 428 429 430 432 433 435 427 417 416 414 396 397 398 399 400 401 402 403 405 406 407
496 423 424 425 426 427 428 429 430 431 432 433 434 435 436 437 422 421 419 418 402 403 404 405 406 407 408 438 409 411
497 408 409 410 411 412 413 407 415 417 418 419 420 421 422 416 406 405 404 386 387 388 389 390 391 392 393 394 395 396
498 407 408 409 410 411 413 406 415 417 418 419 421 422 423 416 405 404 403 386 387 388 389 390 391 392 393 394 395 396
499 284 289 290 311 314 316 322 646 327 330 333 335 349 359 277 361 370 371 372 373 374 375 376 377 379 380 381 382 383
500 424 425 426 427 428 429 430 423 431 433 434 435 436 437 438 439 432 440 422 420 404 405 406 407 408 409 410 421 411
501 371 370 365 359 357 355 346 345 372 343 340 339 338 337 326 646 315 307 342 302 373 375 406 405 404 403 402 398 397
502 427 428 429 430 431 432 433 426 434 436 437 438 439 440 441 442 435 443 425 423 407 408 409 410 411 412 413 424 414
503 427 428 429 430 431 432 433 426 434 436 437 438 439 440 441 442 435 443 425 423 407 408 409 410 411 412 413 424 414
504 415 414 413 411 409 407 406 405 403 402 400 399 398 397 396 395 394 393 392 391 390 389 388 387 386 385 384 383 382
505 396 395 394 393 392 391 388 387 386 385 384 383 382 381 380 379 377 376 375 374 373 372 371 370 368 397 398 399 402
506 415 416 417 418 419 420 421 422 423 424 425 426 427 428 429 414 413 412 411 394 395 396 397 398 400 401 430 402 404
507 412 413 414 415 416 417 418 419 420 421 422 423 424 425 426 411 427 410 408 392 393 394 395 396 397 398 400 401 402
508 424 425 426 427 428 429 430 423 431 433 434 435 436 437 438 439 432 440 422 420 404 405 406 407 408 409 410 421 411
509 424 425 426 427 428 429 430 423 431 433 434 435 436 437 438 439 432 440 422 420 404 405 406 407 408 409 410 421 411
510 315 297 294 293 289 286 285 646 284 272 271 266 264 263 262 261 283 336 337 338 376 375 374 373 372 371 370 365 359
511 286 646 326 349 359 370 371 372 373 374 375 376 377 379 380 381 382 383 384 385 386 395 397 398 423 426 427 284 279
512 427 428 429 430 431 432 433 426 434 437 438 439 440 441 442 443 435 444 425 423 407 408 409 410 411 412 413 424 414
513 418 419 420 421 422 423 424 425 426 427 428 429 430 431 432 417 416 415 414 397 398 400 401 402 403 404 433 405 407
514 427 428 429 430 431 432 433 426 434 436 437 438 439 440 441 442 435 443 425 423 407 408 409 410 411 412 413 424 414
515 424 425 426 427 428 429 430 423 431 433 434 435 436 437 438 439 432 440 422 420 404 405 406 407 408 409 410 421 411
516 358 356 354 353 352 351 349 348 344 341 359 336 324 646 322 319 316 314 312 311 308 294 325 290 366 371 403 402 401
517 427 425 424 423 422 421 418 417 416 410 409 408 404 401 398 397 395 386 385 384 383 428 382 429 433 486 481 478 474
518 440 439 436 433 432 429 428 425 424 423 421 418 417 414 410 400 398 441 442 444 446 497 496 495 494 490 486 485 481
519 424 425 427 428 429 430 431 432 433 434 435 436 437 439 440 423 441 422 420 400 401 404 408 409 410 411 412 413 414
520 317 316 314 312 311 309 646 308 303 293 292 289 287 284 305 333 334 359 385 384 383 382 381 380 379 377 376 375 374
521 427 428 429 430 431 432 433 426 434 436 437 438 439 440 441 442 435 443 425 423 407 408 409 410 411 412 413 424 414
522 415 416 417 418 419 420 414 421 423 424 425 427 428 429 422 413 412 411 390 391 392 393 394 395 396 397 398 400 401
523 376 375 374 373 372 371 370 367 365 362 361 359 358 347 342 336 335 326 325 377 646 379 381 432 431 425 423 419 416
524 398 397 395 386 385 384 410 383 381 380 379 377 376 375 382 374 414 423 456 454 450 446 444 442 419 441 439 435 433
525 424 425 426 427 428 429 430 423 431 433 434 435 436 437 438 439 432 440 422 420 404 405 406 407 408 409 410 421 411
526 429 427 425 424 423 422 421 418 417 416 432 414 409 408 404 401 400 398 397 395 386 385 410 433 436 439 495 494 490
527 340 339 338 337 335 334 333 327 325 324 646 322 319 317 316 315 314 312 309 308 305 342 343 345 346 386 385 384 383
528 427 428 429 430 431 432 433 426 434 436 437 438 439 440 441 442 435 443 425 423 407 408 409 410 411 412 413 424 414
529 411 410 409 407 406 405 403 402 400 398 397 396 395 394 413 393 391 390 389 388 387 386 385 384 383 382 381 380 379
530 420 421 422 423 424 425 426 427 428 429 430 431 432 433 434 419 418 417 416 400 401 402 403 404 405 406 435 407 409
531 415 416 417 418 419 420 421 422 423 424 425 426 427 428 429 414 430 413 411 395 396 397 398 400 401 402 403 404 405
532 405 406 407 408 409 410 404 411 414 415 416 417 418 419 413 420 403 401 386 387 388 389 390 391 402 392 394 395 396
533 421 422 423 424 425 426 420 427 429 430 431 432 433 436 428 419 418 417 402 403 404 405 406 407 408 409 410 411 412
534 423 424 425 426 427 429 431 432 433 434 436 437 438 439 440 422 441 421 419 398 399 400 401 408 409 410 411 412 413
535 427 428 429 430 431 432 433 426 434 436 437 438 439 440 441 442 435 443 425 423 407 408 409 410 411 412 413 424 414
536 424 425 426 427 428 429 431 432 433 434 436 437 438 439 440 423 422 421 420 403 405 406 407 408 409 410 441 411 413
537 427 428 429 430 431 432 433 426 434 436 437 438 439 440 441 442 435 443 425 423 407 408 409 410 411 412 413 424 414
538 396 395 394 393 392 391 388 387 386 385 384 383 382 381 380 379 377 376 375 374 373 372 371 370 367 397 398 399 402
539 383 382 381 380 379 377 376 375 374 373 372 371 370 365 359 384 385 386 387 439 433 432 427 425 423 415 357 414 406
540 424 425 426 427 428 429 431 432 433 434 436 437 438 439 440 423 422 421 420 403 405 406 407 408 409 410 441 411 413
541 407 406 405 403 402 400 398 397 395 387 386 409 385 383 382 381 380 379 377 376 375 374 373 372 384 410 411 413 452
542 428 429 430 431 432 433 434 427 435 437 438 439 440 441 442 443 436 444 426 424 408 409 410 411 412 413 414 425 415
543 427 428 429 430 431 432 433 426 434 436 437 438 439 440 441 442 435 443 425 423 407 408 409 410 411 412 413 424 414
544 419 420 421 422 423 424 425 426 427 428 429 430 431 432 433 418 434 417 415 400 401 402 403 404 405 406 407 408 409
545 424 425 427 428 429 431 423 432 434 436 439 440 441 442 433 444 422 420 401 403 405 406 407 408 421 409 413 414 415
546 415 416 417 418 419 421 422 423 424 425 426 427 428 429 431 414 432 413 411 395 396 397 398 399 400 401 402 403 405
547 427 425 424 423 422 421 418 417 416 415 410 409 403 401 398 397 395 387 386 385 384 383 382 429 381 432 439 486 483
548 427 428 429 430 431 432 433 426 434 436 437 438 439 440 441 442 435 443 425 423 407 408 409 410 411 412 413 424 414
549 432 429 427 425 424 423 422 421 418 417 416 415 413 411 410 409 408 399 398 397 395 387 386 385 384 383 382 381 380
550 427 428 429 430 431 432 433 426 434 436 437 438 439 440 441 442 435 443 425 423 407 408 409 410 411 412 413 424 414
551 427 428 429 430 431 432 433 426 434 436 437 438 439 440 441 442 435 443 425 423 407 408 409 410 411 412 413 424 414
552 418 419 420 421 422 423 424 425 426 427 428 429 430 431 432 417 416 415 414 397 398 400 401 402 403 404 433 405 407
553 421 422 423 424 425 426 427 428 429 430 431 432 433 434 435 420 419 418 417 401 402 403 404 405 406 407 436 408 410
554 416 417 418 419 420 421 422 423 424 425 426 427 428 429 430 415 414 413 412 395 396 397 398 400 401 402 431 403 405
555 424 425 426 427 428 429 430 423 431 433 434 435 436 437 438 439 432 440 422 420 404 405 406 407 408 409 410 421 411
556 424 423 422 421 420 418 417 416 415 413 410 409 425 408 398 397 395 387 386 385 384 383 382 381 380 379 399 377 428
557 416 417 418 419 421 422 423 424 425 426 427 428 429 430 431 415 432 413 410 392 393 394 395 396 397 398 402 403 404
558 411 410 409 407 406 405 404 403 402 398 397 396 395 394 413 393 391 390 389 388 387 386 385 384 383 382 381 380 379
559 308 303 301 299 298 290 289 286 312 284 278 277 275 274 273 271 270 268 283 267 316 646 376 375 374 373 372 371 370
560 407 406 405 404 403 402 398 397 396 395 394 393 392 391 390 389 388 373 374 375 376 377 379 408 380 382 383 384 385
561 441 440 439 438 435 434 433 432 431 430 428 427 426 425 423 422 419 418 417 416 415 413 412 409 408 407 406 405 404
562 418 417 416 415 413 411 410 409 407 406 405 404 403 419 402 397 396 395 394 393 392 391 390 389 388 387 386 385 398
563 330 325 324 646 317 316 314 312 308 305 303 301 300 290 289 287 286 283 278 333 277 341 348 384 383 382 381 380 379
564 392 393 394 395 396 397 391 398 402 403 404 405 406 407 401 408 390 388 373 374 375 376 377 379 389 380 382 383 384
565 391 388 386 385 384 383 382 381 380 392 379 376 375 374 373 372 371 370 362 359 377 393 394 395 440 439 435 433 432
566 420 421 422 423 424 425 426 427 428 429 430 431 432 433 434 419 418 417 416 400 401 402 403 404 405 406 435 407 409
567 424 425 426 427 428 429 430 423 431 433 434 435 436 437 438 439 432 440 422 420 404 405 406 407 408 409 410 421 411
568 394 393 392 391 388 386 385 384 383 382 381 380 379 377 376 375 374 395 373 396 398 434 433 432 431 427 425 423 419
569 420 421 422 423 424 425 426 427 428 429 430 431 432 433 434 419 418 417 416 398 400 401 402 403 404 405 435 406 408
570 424 425 426 427 428 429 430 423 431 433 434 435 436 437 438 439 432 440 422 420 404 405 406 407 408 409 410 421 411
571 646 317 316 310 297 290 289 286 283 278 277 275 274 273 271 270 268 324 267 329 341 383 382 381 380 379 377 376 375
572 423 424 425 426 427 428 429 430 431 432 433 434 435 436 439 422 421 420 419 402 403 404 405 406 407 408 440 409 411
573 407 408 409 410 411 412 406 413 416 417 418 419 420 421 415 405 404 403 386 387 388 389 390 391 392 393 394 395 396
574 417 418 419 421 422 423 424 425 426 427 428 429 430 431 432 416 433 415 413 398 399 400 401 402 403 404 405 406 407
575 377 376 375 374 373 372 371 379 370 359 357 356 355 346 345 343 366 340 380 382 432 428 425 423 403 399 398 381 397
576 416 415 409 407 406 405 403 402 398 397 396 417 395 393 392 391 390 389 388 387 386 385 384 383 394 418 419 421 476
577 415 416 417 418 419 420 421 422 423 424 425 426 427 428 429 414 430 413 411 396 397 398 399 400 401 402 403 404 405
578 424 425 426 427 428 429 430 423 431 433 434 435 436 437 438 439 432 440 422 420 404 405 406 407 408 409 410 421 411
579 414 415 416 417 418 419 420 421 422 423 424 425 426 427 428 413 429 412 410 394 395 396 397 398 400 401 402 403 404
580 411 412 413 414 415 416 417 418 419 420 421 422 423 424 425 410 426 409 407 390 391 392 393 394 395 396 397 398 401
581 414 415 416 417 41