1  0
2  3
3  5
4  2
5  3
6  3
7  4
8  3
143  3
9  6
10  5
11  1
12  4
13  1
14  4
15  6
16  4
17  4
18  4
19  4
20  3
21  4
22  2
23  2
24  2
25  1
26  3
27  4
28  3
29  2
30  5
31  1
32  3
33  3
34  1
35  4
36  3
37  4
38  4
39  0
40  1
41  0
42  4
43  5
44  3
45  3
46  3
58  4
50  1
51  2
52  3
53  1
54  2
55  3
56  2
57  2
47  5
85  2
48  1
49  4
59  6
60  2
61  5
62  2
63  3
64  1
66  1
65  1
67  2
68  3
69  1
70  3
71  2
72  1
73  2
74  1
75  1
76  3
77  1
78  4
79  3
80  5
81  6
82  4
83  5
84  3
86  3
87  6
88  3
89  5
90  3
91  3
92  4
93  3
108  3
94  2
95  3
96  1
97  2
98  1
99  5
100  1
101  1
102  3
103  3
104  5
105  3
106  3
107  2
627  1
109  3
110  5
111  2
112  2
113  2
114  4
115  4
116  5
117  5
118  5
119  5
120  5
121  1
122  2
123  5
128  3
124  2
125  2
126  5
142  3
141  5
127  3
129  4
130  4
131  4
132  4
133  5
134  5
135  5
136  5
137  6
183  5
138  5
139  3
140  3
144  2
145  3
146  3
147  4
148  3
149  5
150  2
151  3
153  0
152  3
154  0
155  2
156  1
159  1
157  2
158  0
160  2
161  4
162  2
163  4
164  3
165  2
166  3
167  4
168  2
169  1
170  3
171  3
248  4
172  2
173  2
174  5
175  2
179  1
176  3
177  6
178  4
180  5
181  6
182  5
184  5
185  4
186  6
187  3
188  5
189  2
312  1
313  3
314  2
315  6
190  3
191  3
192  4
193  3
194  3
195  4
196  4
197  5
198  2
199  3
200  4
201  3
202  3
203  5
204  1
245  4
205  3
206  1
207  5
208  4
209  4
210  6
211  4
212  1
213  4
214  4
215  2
216  3
217  1
226  4
218  2
219  2
220  3
221  3
222  4
223  1
224  1
225  1
227  4
228  5
231  5
229  6
236  4
230  5
244  1
232  4
233  2
234  4
235  5
237  5
238  1
239  4
240  1
241  1
242  1
243  1
246  4
247  6
249  2
259  0
250  4
251  4
252  2
253  5
254  2
255  1
256  2
257  3
258  4
260  1
267  4
261  1
262  4
263  1
264  1
265  1
266  0
275  1
268  1
269  2
280  4
281  5
282  4
270  1
327  3
328  3
329  1
273  0
274  0
271  2
272  3
277  1
276  1
278  1
279  4
283  1
284  3
285  3
286  2
287  3
288  2
289  2
290  4
291  3
292  5
293  5
294  2
295  2
296  3
297  4
298  5
299  4
300  4
301  4
302  5
303  2
304  5
305  3
322  4
306  5
307  6
308  1
309  3
310  6
316  0
317  3
330  3
319  2
320  5
321  5
311  4
318  3
323  4
324  0
325  2
326  5
331  2
332  5
333  3
334  4
335  5
336  4
337  4
338  6
339  4
340  4
341  2
342  4
343  4
344  3
345  5
346  5
347  3
349  3
348  2
359  3
350  3
351  2
352  0
353  2
354  1
355  6
356  2
357  5
358  4
360  3
361  3
362  5
363  0
364  3
365  5
366  2
367  3
368  4
369  5
370  0
371  0
372  0
373  0
374  0
375  0
376  0
377  0
378  4
379  4
380  4
381  4
382  5
383  4
384  5
385  5
386  4
387  6
388  4
389  5
390  6
391  5
392  5
393  5
394  5
395  4
396  5
397  5
398  4
399  1
400  1
437  3
401  2
402  3
403  5
404  4
405  6
406  5
407  6
408  2
409  4
410  2
411  2
412  3
413  3
414  1
415  4
416  3
417  3
418  2
419  3
420  3
421  2
422  4
423  5
424  2
425  3
426  4
427  2
428  3
429  2
430  3
431  5
432  3
433  3
434  4
435  4
436  0
438  5
439  7
440  8
441  6
442  5
443  5
444  7
445  5
446  5
447  3
451  2
448  2
449  3
450  4
471  5
452  2
453  2
454  4
455  1
456  3
457  0
458  1
459  2
460  3
461  4
462  5
466  0
463  1
464  1
465  1
467  3
468  3
490  3
469  3
470  3
472  2
473  2
474  4
475  5
476  3
477  1
478  3
479  1
480  2
481  2
482  4
483  4
484  1
528  2
485  2
486  1
487  2
488  2
489  5
491  3
492  5
493  3
494  1
495  3
496  3
497  3
498  3
499  3
500  3
501  3
502  3
503  3
504  1
505  1
506  1
507  4
508  3
509  2
510  5
511  2
512  6
513  3
514  3
515  4
516  5
517  3
518  2
519  2
520  2
521  4
522  4
523  4
524  3
525  2
526  4
527  2
529  2
530  4
531  4
532  1
533  3
534  5
535  3
536  3
537  0
538  0
539  0
540  1
541  3
542  4
543  3
544  4
545  1
546  4
547  5
548  3
549  4
550  1
551  1
552  1
553  1
554  1
555  1
556  1
557  1
558  1
559  2
560  4
561  3
562  3
563  4
564  3
565  3
566  3
567  3
568  3
569  4
570  3
571  3
572  3
573  4
574  4
575  4
576  3
577  3
578  4
579  3
580  4
581  2
582  5
583  0
607  0
584  3
585  3
586  4
587  3
588  1
589  2
590  1
591  3
592  4
593  0
594  1
598  3
595  1
624  1
625  2
596  0
600  5
602  3
597  1
599  1
601  2
606  0
608  3
609  3
610  2
603  4
604  1
605  1
611  0
612  0
613  3
614  2
615  0
616  3
617  4
618  2
619  3
620  2
621  2
622  1
623  1
626  1
628  2
629  4
630  2
631  4
632  4
633  4
634  5
635  3
636  1
637  2
638  0
639  2
640  2
641  2
642  2
643  3
644  2
645  0
646  3